82 54 14 -84
66 12 -87 21
91 46 44 -45
24 63 -92 -60
93 67 -12 -73
47 83 -94 88
40 67 59 -44
76 10 45 97
22 15 -92 40
34 47 -78 25
70 12 -40 -63
31 35 -58 97
82 28 -16 -20
76 81 76 75
98 97 25 80
16 52 76 -1
28 51 8 -58
90 80 8 54
53 61 -54 30
74 50 -70 -85
91 71 -33 -91
51 87 -10 62
66 50 60 14
15 2 42 -30
18 77 -61 -73
59 8 -20 -31
7 54 76 12
83 56 -48 -73
23 98 36 -15
0 81 -9 -22
31 8 56 9
12 23 46 64
87 76 78 96
53 15 84 -50
44 5 -96 10
13 98 2 -49
40 1 -24 -82
18 17 33 58
19 16 -24 55
39 78 -61 -7
34 62 77 95
41 11 50 -31
34 10 97 1
92 56 22 95
38 80 9 -81
88 34 -4 32
60 100 -77 -76
96 68 -19 24
100 34 32 13
60 5 52 63
57 62 -10 -2
29 85 13 -28
54 48 -37 -45
51 85 67 -80
24 92 21 72
10 57 -42 -52
67 50 -77 -85
44 91 81 -87
42 44 6 -21
100 16 99 53
53 85 -56 40
34 60 -41 63
36 81 23 -54
27 65 -38 -34
55 84 -44 23
76 7 -90 15
16 92 18 83
16 80 -13 -54
44 88 -67 -1
4 8 86 -69
10 95 69 8
41 39 67 83
14 33 -1 -1
41 92 50 80
80 94 -39 -88
82 75 -12 -48
21 0 8 56
82 90 48 -62
84 59 -87 12
76 3 48 2
11 53 76 -91
71 94 51 73
27 83 -18 90
45 71 -47 63
8 92 12 22
81 75 -77 -67
93 4 55 86
5 87 -96 87
86 49 65 5
8 65 96 88
63 1 -3 -4
1 48 -5 -27
80 46 28 -20
7 42 4 -34
60 60 27 81
49 86 64 -29
93 53 35 70
61 28 -13 71
94 40 -53 -65
25 6 34 92
57 7 -97 -4
9 97 35 -91
5 90 -69 9
53 1 -92 -14
89 55 16 -49
62 48 20 82
43 92 -98 67
22 35 -38 -19
43 100 16 -95
73 68 -6 -80
8 5 -8 47
8 59 -89 84
95 37 -66 -26
83 33 65 96
80 96 -46 -55
54 102 47 -88
46 54 -34 57
38 31 23 6
88 23 -63 91
66 48 61 -46
79 17 -37 -28
55 44 5 -10
68 66 71 15
55 96 84 3
49 47 -81 -39
72 58 -6 -27
19 59 -65 -66
15 69 -8 -35
11 27 57 -48
35 25 -14 26
44 81 57 81
5 46 -58 96
68 34 14 96
62 40 21 38
79 89 65 -58
11 84 -42 43
60 36 -7 77
97 56 50 62
42 48 -47 -79
46 3 48 10
47 29 74 27
100 26 30 -96
44 7 -27 2
27 55 63 50
82 15 -60 15
31 65 63 11
14 6 -65 92
50 102 30 99
42 83 4 46
9 12 2 -63
11 56 2 -72
46 44 -95 -59
54 18 81 -63
21 56 -11 -8
7 41 -99 -13
44 62 37 -33
79 3 38 49
40 45 57 26
45 28 35 90
11 52 -12 43
72 89 55 55
43 39 -14 65
18 20 -62 72
91 102 59 73
80 27 -39 -39
93 32 18 -51
98 56 2 18
30 34 -21 26
38 10 13 59
15 84 -8 -16
62 69 -58 -65
96 96 -33 -82
65 24 61 -29
76 67 41 -86
67 47 14 17
75 85 27 3
36 83 97 16
49 38 95 -89
48 55 79 -31
93 89 18 74
72 46 65 -17
92 13 -10 7
89 30 45 28
84 93 -70 30
91 24 -78 -66
86 42 -38 -26
10 40 26 -51
92 19 -39 78
33 65 -17 -67
33 95 -52 -3
91 38 -12 2
37 67 -88 37
9 21 -99 26
82 15 21 49
86 38 82 25
41 51 -85 88
50 26 60 -19
4 93 -25 -68
36 52 -28 -20
59 29 17 84
13 97 2 92
26 59 43 -50
42 67 87 -66
75 41 -16 52
8 0 49 -44
58 76 71 68
64 100 4 -76
35 54 53 -46
56 10 -44 97
67 81 31 -54
77 74 74 21
24 13 12 99
48 25 -44 -57
62 36 -94 -45
99 56 72 89
45 40 44 84
95 11 -12 8
4 41 -32 38
27 22 46 -89
72 28 41 52
95 79 -66 -22
84 24 86 -14
87 21 -66 -44
53 34 -40 -59
59 27 52 61
34 18 -4 4
40 91 -61 -48
18 3 63 47
36 96 67 -36
57 82 -86 -72
20 86 -97 -87
69 99 88 -62
51 35 -65 -5
51 71 64 36
49 27 47 90
20 14 -45 -76
72 96 41 73
25 22 -16 -10
84 82 23 36
51 5 24 91
70 89 14 -56
61 75 73 -4
98 86 89 -23
92 65 -76 -99
36 54 6 -98
89 12 -2 -69
57 10 61 -69
39 98 60 -62
73 43 14 -13
60 44 -48 -93
97 49 -30 -14
5 25 59 -6
11 1 90 1
94 81 -76 36
79 14 98 -24
95 79 -93 -80
9 27 -39 32
60 99 84 25
49 54 -46 33
0 98 -71 37
40 14 44 -45
90 68 -36 88
54 79 -69 50
49 74 -81 4
28 85 -93 61
14 91 -92 3
78 23 85 91
23 85 -28 -30
43 34 -81 -58
23 70 26 23
24 83 43 46
46 91 91 -16
28 54 66 76
30 16 90 27
64 77 98 3
73 59 -23 56
43 61 -14 61
85 4 48 33
19 77 -12 -80
82 14 -65 70
44 10 -58 99
36 76 -41 -87
92 13 22 -82
40 49 87 -46
41 84 -98 -55
53 38 -78 26
100 74 -79 75
47 67 -84 7
89 37 45 -39
33 24 83 64
31 58 56 57
43 90 -61 41
39 12 -13 -97
28 56 9 76
7 3 35 59
11 69 -99 -27
18 24 66 -12
57 78 7 -41
26 39 36 -45
37 4 -14 -4
54 45 -30 77
67 91 98 80
43 21 2 91
94 5 -52 15
11 68 -87 79
0 47 15 -27
64 16 10 -45
69 99 51 -68
96 68 -7 -1
23 15 8 34
60 70 94 37
18 1 -3 31
70 20 14 34
14 46 23 45
3 83 -2 58
25 17 16 46
70 83 -50 -74
87 4 -77 34
42 32 -34 90
46 22 -41 31
39 45 63 96
24 63 82 -53
10 11 26 14
67 87 14 61
16 48 5 51
27 14 80 -5
3 74 -12 -10
48 97 -91 -3
77 96 4 -36
79 56 -90 -85
46 27 -47 -63
71 60 41 -21
79 15 -2 -18
44 51 30 -79
70 99 -13 99
77 60 85 -59
59 1 -71 40
58 74 54 36
27 18 28 9
0 67 -49 82
40 84 -32 -48
45 34 -54 -77
41 79 91 55
67 80 40 -91
70 61 -20 -31
46 99 -71 -16
6 16 79 27
74 26 -19 -26
92 64 -56 95
52 101 91 -31
55 6 -23 22
53 77 -44 24
16 53 5 95
36 97 33 -55
33 83 3 -15
67 98 17 -63
41 89 -32 77
91 66 19 18
82 93 -36 54
71 6 -59 -44
18 82 -1 -35
51 62 -26 -90
44 21 77 -51
95 0 62 92
19 61 36 56
89 7 18 14
97 18 -2 -76
1 29 -69 84
0 54 57 -26
53 17 -51 -63
62 27 37 -99
99 54 -56 -33
64 79 44 -92
37 83 3 16
74 1 -26 3
16 29 19 33
47 45 84 -39
69 64 -87 -27
95 29 -90 -64
19 7 96 14
87 58 75 82
19 101 8 97
26 76 12 46
37 19 50 -44
67 99 -76 -81
58 74 -95 -60
39 10 89 -82
71 96 12 62
77 83 -16 42
49 35 12 37
9 68 -71 -86
73 26 7 -68
14 42 76 77
6 58 -38 -61
70 58 98 5
80 28 -24 87
95 96 12 3
61 84 58 -9
84 82 -26 60
20 5 9 86
87 36 -72 -41
31 17 -41 -70
23 100 -92 2
22 61 25 51
11 67 -62 24
89 30 -69 -6
95 44 25 89
38 98 3 15
4 99 -15 -49
51 47 -10 -92
44 68 -56 16
72 35 87 53
75 73 45 10
68 82 -53 41
28 57 -75 49
88 4 68 40
89 82 31 -73
17 63 -45 -98
14 91 -92 29
97 68 12 31
35 28 50 -20
91 96 84 -24
96 77 75 -81
56 0 -74 -23
78 100 35 -75
10 24 40 -78
63 80 -16 61
56 75 40 69
94 57 -63 49
78 79 -36 -41
88 71 -83 75
96 52 52 30
48 40 20 -32
65 87 3 64
92 50 42 38
11 67 -82 24
21 3 19 77
54 32 1 66
25 59 -24 -73
61 11 -60 4
69 34 20 -97
7 57 12 -2
37 75 87 -80
52 77 -10 62
98 97 81 52
2 63 24 39
5 71 12 -28
47 39 54 -40
79 63 -90 -15
11 76 69 -21
18 100 29 -30
12 31 -25 -13
25 25 -90 74
88 86 18 87
71 51 11 -65
64 65 -77 88
82 83 -99 -25
32 45 60 -26
25 65 73 37
74 6 81 -5
61 18 -18 -57
51 62 -64 -85
77 62 45 1
21 25 -79 98
46 43 7 58
78 13 64 -83
2 29 -5 36
75 0 -80 2
60 88 -99 80
22 25 -28 58
80 55 75 -40
55 43 -14 55
87 77 -29 94
59 51 -13 -20
10 99 -94 59
21 66 73 24
25 73 4 60
84 72 -21 -28
38 58 3 -85
31 51 -71 -15
30 57 -31 11
17 80 -11 -45
36 9 -24 -95
76 88 -50 4
6 25 -89 -55
95 9 -48 66
54 97 74 -81
23 56 -35 6
79 53 50 35
91 11 -76 21
10 46 -5 6
98 52 -81 93
29 66 30 31
11 65 22 69
63 48 74 58
80 79 28 10
30 1 53 3
34 53 93 70
44 98 97 93
84 3 -73 27
